(kicad_pcb (version 20171130) (host pcbnew "(5.0.1-3-g963ef8bb5)")

  (general
    (thickness 1.6)
    (drawings 171)
    (tracks 1236)
    (zones 0)
    (modules 78)
    (nets 57)
  )

  (page A4)
  (layers
    (0 F.Cu signal)
    (31 B.Cu signal)
    (32 B.Adhes user hide)
    (33 F.Adhes user hide)
    (34 B.Paste user hide)
    (35 F.Paste user hide)
    (36 B.SilkS user hide)
    (37 F.SilkS user hide)
    (38 B.Mask user hide)
    (39 F.Mask user hide)
    (40 Dwgs.User user)
    (41 Cmts.User user hide)
    (42 Eco1.User user hide)
    (43 Eco2.User user)
    (44 Edge.Cuts user)
    (45 Margin user hide)
    (46 B.CrtYd user hide)
    (47 F.CrtYd user)
    (48 B.Fab user hide)
    (49 F.Fab user hide)
  )

  (setup
    (last_trace_width 0.25)
    (user_trace_width 0.5)
    (trace_clearance 0.2)
    (zone_clearance 0.508)
    (zone_45_only no)
    (trace_min 0.2)
    (segment_width 0.15)
    (edge_width 0.15)
    (via_size 0.6)
    (via_drill 0.4)
    (via_min_size 0.4)
    (via_min_drill 0.3)
    (uvia_size 0.3)
    (uvia_drill 0.1)
    (uvias_allowed no)
    (uvia_min_size 0.2)
    (uvia_min_drill 0.1)
    (pcb_text_width 0.3)
    (pcb_text_size 1.5 1.5)
    (mod_edge_width 0.15)
    (mod_text_size 1 1)
    (mod_text_width 0.15)
    (pad_size 5 5)
    (pad_drill 4.8)
    (pad_to_mask_clearance 0.051)
    (solder_mask_min_width 0.25)
    (aux_axis_origin 40.3 35.2)
    (visible_elements FFFFFF3F)
    (pcbplotparams
      (layerselection 0x010fc_ffffffff)
      (usegerberextensions false)
      (usegerberattributes false)
      (usegerberadvancedattributes false)
      (creategerberjobfile false)
      (excludeedgelayer true)
      (linewidth 0.100000)
      (plotframeref false)
      (viasonmask false)
      (mode 1)
      (useauxorigin false)
      (hpglpennumber 1)
      (hpglpenspeed 20)
      (hpglpendiameter 15.000000)
      (psnegative false)
      (psa4output false)
      (plotreference true)
      (plotvalue true)
      (plotinvisibletext false)
      (padsonsilk false)
      (subtractmaskfromsilk false)
      (outputformat 1)
      (mirror false)
      (drillshape 1)
      (scaleselection 1)
      (outputdirectory ""))
  )

  (net 0 "")
  (net 1 "Net-(D4-Pad2)")
  (net 2 row3)
  (net 3 "Net-(D5-Pad2)")
  (net 4 row0)
  (net 5 row1)
  (net 6 "Net-(D6-Pad2)")
  (net 7 row2)
  (net 8 "Net-(D7-Pad2)")
  (net 9 "Net-(D8-Pad2)")
  (net 10 "Net-(D9-Pad2)")
  (net 11 "Net-(D10-Pad2)")
  (net 12 "Net-(D11-Pad2)")
  (net 13 "Net-(D12-Pad2)")
  (net 14 "Net-(D13-Pad2)")
  (net 15 "Net-(D14-Pad2)")
  (net 16 "Net-(D15-Pad2)")
  (net 17 "Net-(D16-Pad2)")
  (net 18 row4)
  (net 19 "Net-(D17-Pad2)")
  (net 20 "Net-(D18-Pad2)")
  (net 21 "Net-(D19-Pad2)")
  (net 22 "Net-(D20-Pad2)")
  (net 23 "Net-(D21-Pad2)")
  (net 24 "Net-(D22-Pad2)")
  (net 25 "Net-(D23-Pad2)")
  (net 26 "Net-(D24-Pad2)")
  (net 27 "Net-(D25-Pad2)")
  (net 28 "Net-(D26-Pad2)")
  (net 29 "Net-(D27-Pad2)")
  (net 30 "Net-(D28-Pad2)")
  (net 31 "Net-(D29-Pad2)")
  (net 32 "Net-(D30-Pad2)")
  (net 33 "Net-(D31-Pad2)")
  (net 34 "Net-(D32-Pad2)")
  (net 35 VCC)
  (net 36 "Net-(J1-PadA)")
  (net 37 "Net-(J1-PadB)")
  (net 38 GND)
  (net 39 data)
  (net 40 reset)
  (net 41 col0)
  (net 42 "Net-(D1-Pad2)")
  (net 43 "Net-(D2-Pad2)")
  (net 44 "Net-(D3-Pad2)")
  (net 45 col1)
  (net 46 col2)
  (net 47 col3)
  (net 48 col4)
  (net 49 col5)
  (net 50 col6)
  (net 51 "Net-(U1-Pad24)")
  (net 52 "Net-(U1-Pad13)")
  (net 53 "Net-(U1-Pad12)")
  (net 54 sda)
  (net 55 scl)
  (net 56 "Net-(U1-Pad1)")

  (net_class Default "This is the default net class."
    (clearance 0.2)
    (trace_width 0.25)
    (via_dia 0.6)
    (via_drill 0.4)
    (uvia_dia 0.3)
    (uvia_drill 0.1)
    (add_net GND)
    (add_net "Net-(D1-Pad2)")
    (add_net "Net-(D10-Pad2)")
    (add_net "Net-(D11-Pad2)")
    (add_net "Net-(D12-Pad2)")
    (add_net "Net-(D13-Pad2)")
    (add_net "Net-(D14-Pad2)")
    (add_net "Net-(D15-Pad2)")
    (add_net "Net-(D16-Pad2)")
    (add_net "Net-(D17-Pad2)")
    (add_net "Net-(D18-Pad2)")
    (add_net "Net-(D19-Pad2)")
    (add_net "Net-(D2-Pad2)")
    (add_net "Net-(D20-Pad2)")
    (add_net "Net-(D21-Pad2)")
    (add_net "Net-(D22-Pad2)")
    (add_net "Net-(D23-Pad2)")
    (add_net "Net-(D24-Pad2)")
    (add_net "Net-(D25-Pad2)")
    (add_net "Net-(D26-Pad2)")
    (add_net "Net-(D27-Pad2)")
    (add_net "Net-(D28-Pad2)")
    (add_net "Net-(D29-Pad2)")
    (add_net "Net-(D3-Pad2)")
    (add_net "Net-(D30-Pad2)")
    (add_net "Net-(D31-Pad2)")
    (add_net "Net-(D32-Pad2)")
    (add_net "Net-(D4-Pad2)")
    (add_net "Net-(D5-Pad2)")
    (add_net "Net-(D6-Pad2)")
    (add_net "Net-(D7-Pad2)")
    (add_net "Net-(D8-Pad2)")
    (add_net "Net-(D9-Pad2)")
    (add_net "Net-(J1-PadA)")
    (add_net "Net-(J1-PadB)")
    (add_net "Net-(U1-Pad1)")
    (add_net "Net-(U1-Pad12)")
    (add_net "Net-(U1-Pad13)")
    (add_net "Net-(U1-Pad24)")
    (add_net VCC)
    (add_net col0)
    (add_net col1)
    (add_net col2)
    (add_net col3)
    (add_net col4)
    (add_net col5)
    (add_net col6)
    (add_net data)
    (add_net reset)
    (add_net row0)
    (add_net row1)
    (add_net row2)
    (add_net row3)
    (add_net row4)
    (add_net scl)
    (add_net sda)
  )

  (module kbd:CherryMX_Hotswap (layer F.Cu) (tedit 5B8833C8) (tstamp 5BE31C25)
    (at 126.2 67.145 180)
    (path /5BDC050F)
    (fp_text reference SW20 (at 7.1 8.2 180) (layer F.SilkS) hide
      (effects (font (size 1 1) (thickness 0.15)))
    )
    (fp_text value SW_PUSH (at -5.3 -8.1 180) (layer F.Fab) hide
      (effects (font (size 1 1) (thickness 0.15)))
    )
    (fp_line (start 4.4 -3.9) (end 4.4 -3.2) (layer B.SilkS) (width 0.4))
    (fp_line (start 4.4 -6.4) (end 3 -6.4) (layer B.SilkS) (width 0.4))
    (fp_line (start -5.7 -1.3) (end -3 -1.3) (layer B.SilkS) (width 0.5))
    (fp_arc (start -0.865 -1.23) (end -0.8 -3.4) (angle -84) (layer B.SilkS) (width 1))
    (fp_line (start 4.6 -6.25) (end 4.6 -6.6) (layer B.SilkS) (width 0.15))
    (fp_arc (start -3.9 -4.6) (end -3.800001 -6.6) (angle -90) (layer B.SilkS) (width 0.15))
    (fp_arc (start -0.465 -0.83) (end -0.4 -3) (angle -84) (layer B.SilkS) (width 0.15))
    (fp_line (start 4.6 -6.6) (end -3.800001 -6.6) (layer B.SilkS) (width 0.15))
    (fp_line (start -0.4 -3) (end 4.6 -3) (layer B.SilkS) (width 0.15))
    (fp_line (start -5.9 -1.1) (end -2.62 -1.1) (layer B.SilkS) (width 0.15))
    (fp_line (start -5.9 -4.7) (end -5.9 -3.7) (layer B.SilkS) (width 0.15))
    (fp_line (start -5.9 -1.1) (end -5.9 -1.46) (layer B.SilkS) (width 0.15))
    (fp_line (start -5.7 -1.46) (end -5.9 -1.46) (layer B.SilkS) (width 0.15))
    (fp_line (start -5.67 -3.7) (end -5.67 -1.46) (layer B.SilkS) (width 0.15))
    (fp_line (start -5.9 -3.7) (end -5.7 -3.7) (layer B.SilkS) (width 0.15))
    (fp_line (start 4.4 -6.25) (end 4.6 -6.25) (layer B.SilkS) (width 0.15))
    (fp_line (start 4.38 -4) (end 4.38 -6.25) (layer B.SilkS) (width 0.15))
    (fp_line (start 4.6 -4) (end 4.4 -4) (layer B.SilkS) (width 0.15))
    (fp_line (start 4.6 -3) (end 4.6 -4) (layer B.SilkS) (width 0.15))
    (fp_line (start 2.6 -4.8) (end -4.1 -4.8) (layer B.SilkS) (width 3.5))
    (fp_line (start 3.9 -6) (end 3.9 -3.5) (layer B.SilkS) (width 1))
    (fp_line (start 4.3 -3.3) (end 2.9 -3.3) (layer B.SilkS) (width 0.5))
    (fp_line (start -4.17 -5.1) (end -4.17 -2.86) (layer B.SilkS) (width 3))
    (fp_line (start -5.3 -1.6) (end -5.3 -3.399999) (layer B.SilkS) (width 0.8))
    (fp_line (start -5.8 -3.800001) (end -5.8 -4.7) (layer B.SilkS) (width 0.3))
    (fp_line (start 5.799999 -3.8) (end 5.8 -4.699999) (layer F.SilkS) (width 0.3))
    (fp_line (start 5.3 -1.6) (end 5.3 -3.4) (layer F.SilkS) (width 0.8))
    (fp_line (start 4.17 -5.1) (end 4.17 -2.86) (layer F.SilkS) (width 3))
    (fp_line (start -4.3 -3.3) (end -2.9 -3.3) (layer F.SilkS) (width 0.5))
    (fp_line (start -3.9 -6) (end -3.9 -3.5) (layer F.SilkS) (width 1))
    (fp_line (start -2.6 -4.8) (end 4.1 -4.8) (layer F.SilkS) (width 3.5))
    (fp_line (start -4.6 -3) (end -4.6 -4) (layer F.SilkS) (width 0.15))
    (fp_line (start -4.6 -4) (end -4.4 -4) (layer F.SilkS) (width 0.15))
    (fp_line (start -4.38 -4) (end -4.38 -6.25) (layer F.SilkS) (width 0.15))
    (fp_line (start -4.4 -6.25) (end -4.6 -6.25) (layer F.SilkS) (width 0.15))
    (fp_line (start 5.9 -3.7) (end 5.7 -3.7) (layer F.SilkS) (width 0.15))
    (fp_line (start 5.67 -3.7) (end 5.67 -1.46) (layer F.SilkS) (width 0.15))
    (fp_line (start 5.7 -1.46) (end 5.9 -1.46) (layer F.SilkS) (width 0.15))
    (fp_line (start 5.9 -1.1) (end 5.9 -1.46) (layer F.SilkS) (width 0.15))
    (fp_line (start 5.9 -4.7) (end 5.9 -3.7) (layer F.SilkS) (width 0.15))
    (fp_line (start 5.9 -1.1) (end 2.62 -1.1) (layer F.SilkS) (width 0.15))
    (fp_line (start 0.4 -3) (end -4.6 -3) (layer F.SilkS) (width 0.15))
    (fp_line (start -4.6 -6.6) (end 3.8 -6.600001) (layer F.SilkS) (width 0.15))
    (fp_arc (start 0.465 -0.83) (end 0.4 -3) (angle 84) (layer F.SilkS) (width 0.15))
    (fp_arc (start 3.9 -4.6) (end 3.8 -6.600001) (angle 90) (layer F.SilkS) (width 0.15))
    (fp_line (start -4.6 -6.25) (end -4.6 -6.6) (layer F.SilkS) (width 0.15))
    (fp_arc (start 0.865 -1.23) (end 0.8 -3.4) (angle 84) (layer F.SilkS) (width 1))
    (fp_line (start 5.7 -1.3) (end 3 -1.3) (layer F.SilkS) (width 0.5))
    (fp_line (start -4.4 -6.4) (end -3 -6.4) (layer F.SilkS) (width 0.4))
    (fp_line (start -4.4 -3.9) (end -4.4 -3.2) (layer F.SilkS) (width 0.4))
    (fp_line (start -9 -9) (end 9 -9) (layer Eco2.User) (width 0.15))
    (fp_line (start 9 -9) (end 9 9) (layer Eco2.User) (width 0.15))
    (fp_line (start 9 9) (end -9 9) (layer Eco2.User) (width 0.15))
    (fp_line (start -9 9) (end -9 -9) (layer Eco2.User) (width 0.15))
    (fp_line (start -7 -7) (end 7 -7) (layer Eco2.User) (width 0.15))
    (fp_line (start 7 -7) (end 7 7) (layer Eco2.User) (width 0.15))
    (fp_line (start 7 7) (end -7 7) (layer Eco2.User) (width 0.15))
    (fp_line (start -7 7) (end -7 -7) (layer Eco2.User) (width 0.15))
    (fp_line (start 7 -7) (end -7 -7) (layer F.Fab) (width 0.15))
    (fp_line (start -7 -7) (end -7 7) (layer F.Fab) (width 0.15))
    (fp_line (start -7 7) (end 7 7) (layer F.Fab) (width 0.15))
    (fp_line (start 7 7) (end 7 -7) (layer F.Fab) (width 0.15))
    (pad 1 smd rect (at -7 -2.58) (size 2.3 2) (layers B.Cu B.Paste B.Mask)
      (net 48 col4))
    (pad 1 smd rect (at 7 -2.58) (size 2.3 2) (layers F.Cu F.Paste F.Mask)
      (net 48 col4))
    (pad 2 smd rect (at -5.7 -5.12) (size 2.3 2) (layers F.Cu F.Paste F.Mask)
      (net 21 "Net-(D19-Pad2)"))
    (pad "" np_thru_hole circle (at -3.81 -2.54) (size 3 3) (drill 3) (layers *.Cu *.Mask))
    (pad "" np_thru_hole circle (at -2.54 -5.08) (size 3 3) (drill 3) (layers *.Cu *.Mask))
    (pad "" np_thru_hole circle (at 3.81 -2.540001) (size 3 3) (drill 3) (layers *.Cu *.Mask))
    (pad "" np_thru_hole circle (at 2.54 -5.08) (size 3 3) (drill 3) (layers *.Cu *.Mask))
    (pad "" np_thru_hole circle (at 0 0 270) (size 4 4) (drill 4) (layers *.Cu *.Mask F.SilkS))
    (pad "" np_thru_hole circle (at 5.08 0 180) (size 1.8 1.8) (drill 1.8) (layers *.Cu *.Mask F.SilkS))
    (pad "" np_thru_hole circle (at -5.08 0 180) (size 1.8 1.8) (drill 1.8) (layers *.Cu *.Mask F.SilkS))
    (pad 2 smd rect (at 5.7 -5.12) (size 2.3 2) (layers B.Cu B.Paste B.Mask)
      (net 21 "Net-(D19-Pad2)"))
  )

  (module kbd:CherryMX_Hotswap (layer F.Cu) (tedit 5B8833C8) (tstamp 5BE31B3E)
    (at 107.15 82.385 180)
    (path /5BDBE29C)
    (fp_text reference SW16 (at 7.1 8.2 180) (layer F.SilkS) hide
      (effects (font (size 1 1) (thickness 0.15)))
    )
    (fp_text value SW_PUSH (at -5.3 -8.1 180) (layer F.Fab) hide
      (effects (font (size 1 1) (thickness 0.15)))
    )
    (fp_line (start 7 7) (end 7 -7) (layer F.Fab) (width 0.15))
    (fp_line (start -7 7) (end 7 7) (layer F.Fab) (width 0.15))
    (fp_line (start -7 -7) (end -7 7) (layer F.Fab) (width 0.15))
    (fp_line (start 7 -7) (end -7 -7) (layer F.Fab) (width 0.15))
    (fp_line (start -7 7) (end -7 -7) (layer Eco2.User) (width 0.15))
    (fp_line (start 7 7) (end -7 7) (layer Eco2.User) (width 0.15))
    (fp_line (start 7 -7) (end 7 7) (layer Eco2.User) (width 0.15))
    (fp_line (start -7 -7) (end 7 -7) (layer Eco2.User) (width 0.15))
    (fp_line (start -9 9) (end -9 -9) (layer Eco2.User) (width 0.15))
    (fp_line (start 9 9) (end -9 9) (layer Eco2.User) (width 0.15))
    (fp_line (start 9 -9) (end 9 9) (layer Eco2.User) (width 0.15))
    (fp_line (start -9 -9) (end 9 -9) (layer Eco2.User) (width 0.15))
    (fp_line (start -4.4 -3.9) (end -4.4 -3.2) (layer F.SilkS) (width 0.4))
    (fp_line (start -4.4 -6.4) (end -3 -6.4) (layer F.SilkS) (width 0.4))
    (fp_line (start 5.7 -1.3) (end 3 -1.3) (layer F.SilkS) (width 0.5))
    (fp_arc (start 0.865 -1.23) (end 0.8 -3.4) (angle 84) (layer F.SilkS) (width 1))
    (fp_line (start -4.6 -6.25) (end -4.6 -6.6) (layer F.SilkS) (width 0.15))
    (fp_arc (start 3.9 -4.6) (end 3.8 -6.600001) (angle 90) (layer F.SilkS) (width 0.15))
    (fp_arc (start 0.465 -0.83) (end 0.4 -3) (angle 84) (layer F.SilkS) (width 0.15))
    (fp_line (start -4.6 -6.6) (end 3.8 -6.600001) (layer F.SilkS) (width 0.15))
    (fp_line (start 0.4 -3) (end -4.6 -3) (layer F.SilkS) (width 0.15))
    (fp_line (start 5.9 -1.1) (end 2.62 -1.1) (layer F.SilkS) (width 0.15))
    (fp_line (start 5.9 -4.7) (end 5.9 -3.7) (layer F.SilkS) (width 0.15))
    (fp_line (start 5.9 -1.1) (end 5.9 -1.46) (layer F.SilkS) (width 0.15))
    (fp_line (start 5.7 -1.46) (end 5.9 -1.46) (layer F.SilkS) (width 0.15))
    (fp_line (start 5.67 -3.7) (end 5.67 -1.46) (layer F.SilkS) (width 0.15))
    (fp_line (start 5.9 -3.7) (end 5.7 -3.7) (layer F.SilkS) (width 0.15))
    (fp_line (start -4.4 -6.25) (end -4.6 -6.25) (layer F.SilkS) (width 0.15))
    (fp_line (start -4.38 -4) (end -4.38 -6.25) (layer F.SilkS) (width 0.15))
    (fp_line (start -4.6 -4) (end -4.4 -4) (layer F.SilkS) (width 0.15))
    (fp_line (start -4.6 -3) (end -4.6 -4) (layer F.SilkS) (width 0.15))
    (fp_line (start -2.6 -4.8) (end 4.1 -4.8) (layer F.SilkS) (width 3.5))
    (fp_line (start -3.9 -6) (end -3.9 -3.5) (layer F.SilkS) (width 1))
    (fp_line (start -4.3 -3.3) (end -2.9 -3.3) (layer F.SilkS) (width 0.5))
    (fp_line (start 4.17 -5.1) (end 4.17 -2.86) (layer F.SilkS) (width 3))
    (fp_line (start 5.3 -1.6) (end 5.3 -3.4) (layer F.SilkS) (width 0.8))
    (fp_line (start 5.799999 -3.8) (end 5.8 -4.699999) (layer F.SilkS) (width 0.3))
    (fp_line (start -5.8 -3.800001) (end -5.8 -4.7) (layer B.SilkS) (width 0.3))
    (fp_line (start -5.3 -1.6) (end -5.3 -3.399999) (layer B.SilkS) (width 0.8))
    (fp_line (start -4.17 -5.1) (end -4.17 -2.86) (layer B.SilkS) (width 3))
    (fp_line (start 4.3 -3.3) (end 2.9 -3.3) (layer B.SilkS) (width 0.5))
    (fp_line (start 3.9 -6) (end 3.9 -3.5) (layer B.SilkS) (width 1))
    (fp_line (start 2.6 -4.8) (end -4.1 -4.8) (layer B.SilkS) (width 3.5))
    (fp_line (start 4.6 -3) (end 4.6 -4) (layer B.SilkS) (width 0.15))
    (fp_line (start 4.6 -4) (end 4.4 -4) (layer B.SilkS) (width 0.15))
    (fp_line (start 4.38 -4) (end 4.38 -6.25) (layer B.SilkS) (width 0.15))
    (fp_line (start 4.4 -6.25) (end 4.6 -6.25) (layer B.SilkS) (width 0.15))
    (fp_line (start -5.9 -3.7) (end -5.7 -3.7) (layer B.SilkS) (width 0.15))
    (fp_line (start -5.67 -3.7) (end -5.67 -1.46) (layer B.SilkS) (width 0.15))
    (fp_line (start -5.7 -1.46) (end -5.9 -1.46) (layer B.SilkS) (width 0.15))
    (fp_line (start -5.9 -1.1) (end -5.9 -1.46) (layer B.SilkS) (width 0.15))
    (fp_line (start -5.9 -4.7) (end -5.9 -3.7) (layer B.SilkS) (width 0.15))
    (fp_line (start -5.9 -1.1) (end -2.62 -1.1) (layer B.SilkS) (width 0.15))
    (fp_line (start -0.4 -3) (end 4.6 -3) (layer B.SilkS) (width 0.15))
    (fp_line (start 4.6 -6.6) (end -3.800001 -6.6) (layer B.SilkS) (width 0.15))
    (fp_arc (start -0.465 -0.83) (end -0.4 -3) (angle -84) (layer B.SilkS) (width 0.15))
    (fp_arc (start -3.9 -4.6) (end -3.800001 -6.6) (angle -90) (layer B.SilkS) (width 0.15))
    (fp_line (start 4.6 -6.25) (end 4.6 -6.6) (layer B.SilkS) (width 0.15))
    (fp_arc (start -0.865 -1.23) (end -0.8 -3.4) (angle -84) (layer B.SilkS) (width 1))
    (fp_line (start -5.7 -1.3) (end -3 -1.3) (layer B.SilkS) (width 0.5))
    (fp_line (start 4.4 -6.4) (end 3 -6.4) (layer B.SilkS) (width 0.4))
    (fp_line (start 4.4 -3.9) (end 4.4 -3.2) (layer B.SilkS) (width 0.4))
    (pad 2 smd rect (at 5.7 -5.12) (size 2.3 2) (layers B.Cu B.Paste B.Mask)
      (net 16 "Net-(D15-Pad2)"))
    (pad "" np_thru_hole circle (at -5.08 0 180) (size 1.8 1.8) (drill 1.8) (layers *.Cu *.Mask F.SilkS))
    (pad "" np_thru_hole circle (at 5.08 0 180) (size 1.8 1.8) (drill 1.8) (layers *.Cu *.Mask F.SilkS))
    (pad "" np_thru_hole circle (at 0 0 270) (size 4 4) (drill 4) (layers *.Cu *.Mask F.SilkS))
    (pad "" np_thru_hole circle (at 2.54 -5.08) (size 3 3) (drill 3) (layers *.Cu *.Mask))
    (pad "" np_thru_hole circle (at 3.81 -2.540001) (size 3 3) (drill 3) (layers *.Cu *.Mask))
    (pad "" np_thru_hole circle (at -2.54 -5.08) (size 3 3) (drill 3) (layers *.Cu *.Mask))
    (pad "" np_thru_hole circle (at -3.81 -2.54) (size 3 3) (drill 3) (layers *.Cu *.Mask))
    (pad 2 smd rect (at -5.7 -5.12) (size 2.3 2) (layers F.Cu F.Paste F.Mask)
      (net 16 "Net-(D15-Pad2)"))
    (pad 1 smd rect (at 7 -2.58) (size 2.3 2) (layers F.Cu F.Paste F.Mask)
      (net 47 col3))
    (pad 1 smd rect (at -7 -2.58) (size 2.3 2) (layers B.Cu B.Paste B.Mask)
      (net 47 col3))
  )

  (module kbd:CherryMX_Hotswap (layer F.Cu) (tedit 5B8833C8) (tstamp 5BE31AF1)
    (at 107.15 63.335 180)
    (path /5BDBD8D0)
    (fp_text reference SW15 (at 7.1 8.2 180) (layer F.SilkS) hide
      (effects (font (size 1 1) (thickness 0.15)))
    )
    (fp_text value SW_PUSH (at -5.3 -8.1 180) (layer F.Fab) hide
      (effects (font (size 1 1) (thickness 0.15)))
    )
    (fp_line (start 7 7) (end 7 -7) (layer F.Fab) (width 0.15))
    (fp_line (start -7 7) (end 7 7) (layer F.Fab) (width 0.15))
    (fp_line (start -7 -7) (end -7 7) (layer F.Fab) (width 0.15))
    (fp_line (start 7 -7) (end -7 -7) (layer F.Fab) (width 0.15))
    (fp_line (start -7 7) (end -7 -7) (layer Eco2.User) (width 0.15))
    (fp_line (start 7 7) (end -7 7) (layer Eco2.User) (width 0.15))
    (fp_line (start 7 -7) (end 7 7) (layer Eco2.User) (width 0.15))
    (fp_line (start -7 -7) (end 7 -7) (layer Eco2.User) (width 0.15))
    (fp_line (start -9 9) (end -9 -9) (layer Eco2.User) (width 0.15))
    (fp_line (start 9 9) (end -9 9) (layer Eco2.User) (width 0.15))
    (fp_line (start 9 -9) (end 9 9) (layer Eco2.User) (width 0.15))
    (fp_line (start -9 -9) (end 9 -9) (layer Eco2.User) (width 0.15))
    (fp_line (start -4.4 -3.9) (end -4.4 -3.2) (layer F.SilkS) (width 0.4))
    (fp_line (start -4.4 -6.4) (end -3 -6.4) (layer F.SilkS) (width 0.4))
    (fp_line (start 5.7 -1.3) (end 3 -1.3) (layer F.SilkS) (width 0.5))
    (fp_arc (start 0.865 -1.23) (end 0.8 -3.4) (angle 84) (layer F.SilkS) (width 1))
    (fp_line (start -4.6 -6.25) (end -4.6 -6.6) (layer F.SilkS) (width 0.15))
    (fp_arc (start 3.9 -4.6) (end 3.8 -6.600001) (angle 90) (layer F.SilkS) (width 0.15))
    (fp_arc (start 0.465 -0.83) (end 0.4 -3) (angle 84) (layer F.SilkS) (width 0.15))
    (fp_line (start -4.6 -6.6) (end 3.8 -6.600001) (layer F.SilkS) (width 0.15))
    (fp_line (start 0.4 -3) (end -4.6 -3) (layer F.SilkS) (width 0.15))
    (fp_line (start 5.9 -1.1) (end 2.62 -1.1) (layer F.SilkS) (width 0.15))
    (fp_line (start 5.9 -4.7) (end 5.9 -3.7) (layer F.SilkS) (width 0.15))
    (fp_line (start 5.9 -1.1) (end 5.9 -1.46) (layer F.SilkS) (width 0.15))
    (fp_line (start 5.7 -1.46) (end 5.9 -1.46) (layer F.SilkS) (width 0.15))
    (fp_line (start 5.67 -3.7) (end 5.67 -1.46) (layer F.SilkS) (width 0.15))
    (fp_line (start 5.9 -3.7) (end 5.7 -3.7) (layer F.SilkS) (width 0.15))
    (fp_line (start -4.4 -6.25) (end -4.6 -6.25) (layer F.SilkS) (width 0.15))
    (fp_line (start -4.38 -4) (end -4.38 -6.25) (layer F.SilkS) (width 0.15))
    (fp_line (start -4.6 -4) (end -4.4 -4) (layer F.SilkS) (width 0.15))
    (fp_line (start -4.6 -3) (end -4.6 -4) (layer F.SilkS) (width 0.15))
    (fp_line (start -2.6 -4.8) (end 4.1 -4.8) (layer F.SilkS) (width 3.5))
    (fp_line (start -3.9 -6) (end -3.9 -3.5) (layer F.SilkS) (width 1))
    (fp_line (start -4.3 -3.3) (end -2.9 -3.3) (layer F.SilkS) (width 0.5))
    (fp_line (start 4.17 -5.1) (end 4.17 -2.86) (layer F.SilkS) (width 3))
    (fp_line (start 5.3 -1.6) (end 5.3 -3.4) (layer F.SilkS) (width 0.8))
    (fp_line (start 5.799999 -3.8) (end 5.8 -4.699999) (layer F.SilkS) (width 0.3))
    (fp_line (start -5.8 -3.800001) (end -5.8 -4.7) (layer B.SilkS) (width 0.3))
    (fp_line (start -5.3 -1.6) (end -5.3 -3.399999) (layer B.SilkS) (width 0.8))
    (fp_line (start -4.17 -5.1) (end -4.17 -2.86) (layer B.SilkS) (width 3))
    (fp_line (start 4.3 -3.3) (end 2.9 -3.3) (layer B.SilkS) (width 0.5))
    (fp_line (start 3.9 -6) (end 3.9 -3.5) (layer B.SilkS) (width 1))
    (fp_line (start 2.6 -4.8) (end -4.1 -4.8) (layer B.SilkS) (width 3.5))
    (fp_line (start 4.6 -3) (end 4.6 -4) (layer B.SilkS) (width 0.15))
    (fp_line (start 4.6 -4) (end 4.4 -4) (layer B.SilkS) (width 0.15))
    (fp_line (start 4.38 -4) (end 4.38 -6.25) (layer B.SilkS) (width 0.15))
    (fp_line (start 4.4 -6.25) (end 4.6 -6.25) (layer B.SilkS) (width 0.15))
    (fp_line (start -5.9 -3.7) (end -5.7 -3.7) (layer B.SilkS) (width 0.15))
    (fp_line (start -5.67 -3.7) (end -5.67 -1.46) (layer B.SilkS) (width 0.15))
    (fp_line (start -5.7 -1.46) (end -5.9 -1.46) (layer B.SilkS) (width 0.15))
    (fp_line (start -5.9 -1.1) (end -5.9 -1.46) (layer B.SilkS) (width 0.15))
    (fp_line (start -5.9 -4.7) (end -5.9 -3.7) (layer B.SilkS) (width 0.15))
    (fp_line (start -5.9 -1.1) (end -2.62 -1.1) (layer B.SilkS) (width 0.15))
    (fp_line (start -0.4 -3) (end 4.6 -3) (layer B.SilkS) (width 0.15))
    (fp_line (start 4.6 -6.6) (end -3.800001 -6.6) (layer B.SilkS) (width 0.15))
    (fp_arc (start -0.465 -0.83) (end -0.4 -3) (angle -84) (layer B.SilkS) (width 0.15))
    (fp_arc (start -3.9 -4.6) (end -3.800001 -6.6) (angle -90) (layer B.SilkS) (width 0.15))
    (fp_line (start 4.6 -6.25) (end 4.6 -6.6) (layer B.SilkS) (width 0.15))
    (fp_arc (start -0.865 -1.23) (end -0.8 -3.4) (angle -84) (layer B.SilkS) (width 1))
    (fp_line (start -5.7 -1.3) (end -3 -1.3) (layer B.SilkS) (width 0.5))
    (fp_line (start 4.4 -6.4) (end 3 -6.4) (layer B.SilkS) (width 0.4))
    (fp_line (start 4.4 -3.9) (end 4.4 -3.2) (layer B.SilkS) (width 0.4))
    (pad 2 smd rect (at 5.7 -5.12) (size 2.3 2) (layers B.Cu B.Paste B.Mask)
      (net 15 "Net-(D14-Pad2)"))
    (pad "" np_thru_hole circle (at -5.08 0 180) (size 1.8 1.8) (drill 1.8) (layers *.Cu *.Mask F.SilkS))
    (pad "" np_thru_hole circle (at 5.08 0 180) (size 1.8 1.8) (drill 1.8) (layers *.Cu *.Mask F.SilkS))
    (pad "" np_thru_hole circle (at 0 0 270) (size 4 4) (drill 4) (layers *.Cu *.Mask F.SilkS))
    (pad "" np_thru_hole circle (at 2.54 -5.08) (size 3 3) (drill 3) (layers *.Cu *.Mask))
    (pad "" np_thru_hole circle (at 3.81 -2.540001) (size 3 3) (drill 3) (layers *.Cu *.Mask))
    (pad "" np_thru_hole circle (at -2.54 -5.08) (size 3 3) (drill 3) (layers *.Cu *.Mask))
    (pad "" np_thru_hole circle (at -3.81 -2.54) (size 3 3) (drill 3) (layers *.Cu *.Mask))
    (pad 2 smd rect (at -5.7 -5.12) (size 2.3 2) (layers F.Cu F.Paste F.Mask)
      (net 15 "Net-(D14-Pad2)"))
    (pad 1 smd rect (at 7 -2.58) (size 2.3 2) (layers F.Cu F.Paste F.Mask)
      (net 47 col3))
    (pad 1 smd rect (at -7 -2.58) (size 2.3 2) (layers B.Cu B.Paste B.Mask)
      (net 47 col3))
  )

  (module kbd:CherryMX_Hotswap (layer F.Cu) (tedit 5B8833C8) (tstamp 5BE31970)
    (at 88.1 48.095 180)
    (path /5BDBC8C1)
    (fp_text reference SW10 (at 7.1 8.2 180) (layer F.SilkS) hide
      (effects (font (size 1 1) (thickness 0.15)))
    )
    (fp_text value SW_PUSH (at -5.3 -8.1 180) (layer F.Fab) hide
      (effects (font (size 1 1) (thickness 0.15)))
    )
    (fp_line (start 7 7) (end 7 -7) (layer F.Fab) (width 0.15))
    (fp_line (start -7 7) (end 7 7) (layer F.Fab) (width 0.15))
    (fp_line (start -7 -7) (end -7 7) (layer F.Fab) (width 0.15))
    (fp_line (start 7 -7) (end -7 -7) (layer F.Fab) (width 0.15))
    (fp_line (start -7 7) (end -7 -7) (layer Eco2.User) (width 0.15))
    (fp_line (start 7 7) (end -7 7) (layer Eco2.User) (width 0.15))
    (fp_line (start 7 -7) (end 7 7) (layer Eco2.User) (width 0.15))
    (fp_line (start -7 -7) (end 7 -7) (layer Eco2.User) (width 0.15))
    (fp_line (start -9 9) (end -9 -9) (layer Eco2.User) (width 0.15))
    (fp_line (start 9 9) (end -9 9) (layer Eco2.User) (width 0.15))
    (fp_line (start 9 -9) (end 9 9) (layer Eco2.User) (width 0.15))
    (fp_line (start -9 -9) (end 9 -9) (layer Eco2.User) (width 0.15))
    (fp_line (start -4.4 -3.9) (end -4.4 -3.2) (layer F.SilkS) (width 0.4))
    (fp_line (start -4.4 -6.4) (end -3 -6.4) (layer F.SilkS) (width 0.4))
    (fp_line (start 5.7 -1.3) (end 3 -1.3) (layer F.SilkS) (width 0.5))
    (fp_arc (start 0.865 -1.23) (end 0.8 -3.4) (angle 84) (layer F.SilkS) (width 1))
    (fp_line (start -4.6 -6.25) (end -4.6 -6.6) (layer F.SilkS) (width 0.15))
    (fp_arc (start 3.9 -4.6) (end 3.8 -6.600001) (angle 90) (layer F.SilkS) (width 0.15))
    (fp_arc (start 0.465 -0.83) (end 0.4 -3) (angle 84) (layer F.SilkS) (width 0.15))
    (fp_line (start -4.6 -6.6) (end 3.8 -6.600001) (layer F.SilkS) (width 0.15))
    (fp_line (start 0.4 -3) (end -4.6 -3) (layer F.SilkS) (width 0.15))
    (fp_line (start 5.9 -1.1) (end 2.62 -1.1) (layer F.SilkS) (width 0.15))
    (fp_line (start 5.9 -4.7) (end 5.9 -3.7) (layer F.SilkS) (width 0.15))
    (fp_line (start 5.9 -1.1) (end 5.9 -1.46) (layer F.SilkS) (width 0.15))
    (fp_line (start 5.7 -1.46) (end 5.9 -1.46) (layer F.SilkS) (width 0.15))
    (fp_line (start 5.67 -3.7) (end 5.67 -1.46) (layer F.SilkS) (width 0.15))
    (fp_line (start 5.9 -3.7) (end 5.7 -3.7) (layer F.SilkS) (width 0.15))
    (fp_line (start -4.4 -6.25) (end -4.6 -6.25) (layer F.SilkS) (width 0.15))
    (fp_line (start -4.38 -4) (end -4.38 -6.25) (layer F.SilkS) (width 0.15))
    (fp_line (start -4.6 -4) (end -4.4 -4) (layer F.SilkS) (width 0.15))
    (fp_line (start -4.6 -3) (end -4.6 -4) (layer F.SilkS) (width 0.15))
    (fp_line (start -2.6 -4.8) (end 4.1 -4.8) (layer F.SilkS) (width 3.5))
    (fp_line (start -3.9 -6) (end -3.9 -3.5) (layer F.SilkS) (width 1))
    (fp_line (start -4.3 -3.3) (end -2.9 -3.3) (layer F.SilkS) (width 0.5))
    (fp_line (start 4.17 -5.1) (end 4.17 -2.86) (layer F.SilkS) (width 3))
    (fp_line (start 5.3 -1.6) (end 5.3 -3.4) (layer F.SilkS) (width 0.8))
    (fp_line (start 5.799999 -3.8) (end 5.8 -4.699999) (layer F.SilkS) (width 0.3))
    (fp_line (start -5.8 -3.800001) (end -5.8 -4.7) (layer B.SilkS) (width 0.3))
    (fp_line (start -5.3 -1.6) (end -5.3 -3.399999) (layer B.SilkS) (width 0.8))
    (fp_line (start -4.17 -5.1) (end -4.17 -2.86) (layer B.SilkS) (width 3))
    (fp_line (start 4.3 -3.3) (end 2.9 -3.3) (layer B.SilkS) (width 0.5))
    (fp_line (start 3.9 -6) (end 3.9 -3.5) (layer B.SilkS) (width 1))
    (fp_line (start 2.6 -4.8) (end -4.1 -4.8) (layer B.SilkS) (width 3.5))
    (fp_line (start 4.6 -3) (end 4.6 -4) (layer B.SilkS) (width 0.15))
    (fp_line (start 4.6 -4) (end 4.4 -4) (layer B.SilkS) (width 0.15))
    (fp_line (start 4.38 -4) (end 4.38 -6.25) (layer B.SilkS) (width 0.15))
    (fp_line (start 4.4 -6.25) (end 4.6 -6.25) (layer B.SilkS) (width 0.15))
    (fp_line (start -5.9 -3.7) (end -5.7 -3.7) (layer B.SilkS) (width 0.15))
    (fp_line (start -5.67 -3.7) (end -5.67 -1.46) (layer B.SilkS) (width 0.15))
    (fp_line (start -5.7 -1.46) (end -5.9 -1.46) (layer B.SilkS) (width 0.15))
    (fp_line (start -5.9 -1.1) (end -5.9 -1.46) (layer B.SilkS) (width 0.15))
    (fp_line (start -5.9 -4.7) (end -5.9 -3.7) (layer B.SilkS) (width 0.15))
    (fp_line (start -5.9 -1.1) (end -2.62 -1.1) (layer B.SilkS) (width 0.15))
    (fp_line (start -0.4 -3) (end 4.6 -3) (layer B.SilkS) (width 0.15))
    (fp_line (start 4.6 -6.6) (end -3.800001 -6.6) (layer B.SilkS) (width 0.15))
    (fp_arc (start -0.465 -0.83) (end -0.4 -3) (angle -84) (layer B.SilkS) (width 0.15))
    (fp_arc (start -3.9 -4.6) (end -3.800001 -6.6) (angle -90) (layer B.SilkS) (width 0.15))
    (fp_line (start 4.6 -6.25) (end 4.6 -6.6) (layer B.SilkS) (width 0.15))
    (fp_arc (start -0.865 -1.23) (end -0.8 -3.4) (angle -84) (layer B.SilkS) (width 1))
    (fp_line (start -5.7 -1.3) (end -3 -1.3) (layer B.SilkS) (width 0.5))
    (fp_line (start 4.4 -6.4) (end 3 -6.4) (layer B.SilkS) (width 0.4))
    (fp_line (start 4.4 -3.9) (end 4.4 -3.2) (layer B.SilkS) (width 0.4))
    (pad 2 smd rect (at 5.7 -5.12) (size 2.3 2) (layers B.Cu B.Paste B.Mask)
      (net 10 "Net-(D9-Pad2)"))
    (pad "" np_thru_hole circle (at -5.08 0 180) (size 1.8 1.8) (drill 1.8) (layers *.Cu *.Mask F.SilkS))
    (pad "" np_thru_hole circle (at 5.08 0 180) (size 1.8 1.8) (drill 1.8) (layers *.Cu *.Mask F.SilkS))
    (pad "" np_thru_hole circle (at 0 0 270) (size 4 4) (drill 4) (layers *.Cu *.Mask F.SilkS))
    (pad "" np_thru_hole circle (at 2.54 -5.08) (size 3 3) (drill 3) (layers *.Cu *.Mask))
    (pad "" np_thru_hole circle (at 3.81 -2.540001) (size 3 3) (drill 3) (layers *.Cu *.Mask))
    (pad "" np_thru_hole circle (at -2.54 -5.08) (size 3 3) (drill 3) (layers *.Cu *.Mask))
    (pad "" np_thru_hole circle (at -3.81 -2.54) (size 3 3) (drill 3) (layers *.Cu *.Mask))
    (pad 2 smd rect (at -5.7 -5.12) (size 2.3 2) (layers F.Cu F.Paste F.Mask)
      (net 10 "Net-(D9-Pad2)"))
    (pad 1 smd rect (at 7 -2.58) (size 2.3 2) (layers F.Cu F.Paste F.Mask)
      (net 46 col2))
    (pad 1 smd rect (at -7 -2.58) (size 2.3 2) (layers B.Cu B.Paste B.Mask)
      (net 46 col2))
  )

  (module kbd:CherryMX_Hotswap (layer F.Cu) (tedit 5B8833C8) (tstamp 5BE319BD)
    (at 88.1 67.145 180)
    (path /5BDBCD8D)
    (fp_text reference SW11 (at 7.1 8.2 180) (layer F.SilkS) hide
      (effects (font (size 1 1) (thickness 0.15)))
    )
    (fp_text value SW_PUSH (at -5.3 -8.1 180) (layer F.Fab) hide
      (effects (font (size 1 1) (thickness 0.15)))
    )
    (fp_line (start 4.4 -3.9) (end 4.4 -3.2) (layer B.SilkS) (width 0.4))
    (fp_line (start 4.4 -6.4) (end 3 -6.4) (layer B.SilkS) (width 0.4))
    (fp_line (start -5.7 -1.3) (end -3 -1.3) (layer B.SilkS) (width 0.5))
    (fp_arc (start -0.865 -1.23) (end -0.8 -3.4) (angle -84) (layer B.SilkS) (width 1))
    (fp_line (start 4.6 -6.25) (end 4.6 -6.6) (layer B.SilkS) (width 0.15))
    (fp_arc (start -3.9 -4.6) (end -3.800001 -6.6) (angle -90) (layer B.SilkS) (width 0.15))
    (fp_arc (start -0.465 -0.83) (end -0.4 -3) (angle -84) (layer B.SilkS) (width 0.15))
    (fp_line (start 4.6 -6.6) (end -3.800001 -6.6) (layer B.SilkS) (width 0.15))
    (fp_line (start -0.4 -3) (end 4.6 -3) (layer B.SilkS) (width 0.15))
    (fp_line (start -5.9 -1.1) (end -2.62 -1.1) (layer B.SilkS) (width 0.15))
    (fp_line (start -5.9 -4.7) (end -5.9 -3.7) (layer B.SilkS) (width 0.15))
    (fp_line (start -5.9 -1.1) (end -5.9 -1.46) (layer B.SilkS) (width 0.15))
    (fp_line (start -5.7 -1.46) (end -5.9 -1.46) (layer B.SilkS) (width 0.15))
    (fp_line (start -5.67 -3.7) (end -5.67 -1.46) (layer B.SilkS) (width 0.15))
    (fp_line (start -5.9 -3.7) (end -5.7 -3.7) (layer B.SilkS) (width 0.15))
    (fp_line (start 4.4 -6.25) (end 4.6 -6.25) (layer B.SilkS) (width 0.15))
    (fp_line (start 4.38 -4) (end 4.38 -6.25) (layer B.SilkS) (width 0.15))
    (fp_line (start 4.6 -4) (end 4.4 -4) (layer B.SilkS) (width 0.15))
    (fp_line (start 4.6 -3) (end 4.6 -4) (layer B.SilkS) (width 0.15))
    (fp_line (start 2.6 -4.8) (end -4.1 -4.8) (layer B.SilkS) (width 3.5))
    (fp_line (start 3.9 -6) (end 3.9 -3.5) (layer B.SilkS) (width 1))
    (fp_line (start 4.3 -3.3) (end 2.9 -3.3) (layer B.SilkS) (width 0.5))
    (fp_line (start -4.17 -5.1) (end -4.17 -2.86) (layer B.SilkS) (width 3))
    (fp_line (start -5.3 -1.6) (end -5.3 -3.399999) (layer B.SilkS) (width 0.8))
    (fp_line (start -5.8 -3.800001) (end -5.8 -4.7) (layer B.SilkS) (width 0.3))
    (fp_line (start 5.799999 -3.8) (end 5.8 -4.699999) (layer F.SilkS) (width 0.3))
    (fp_line (start 5.3 -1.6) (end 5.3 -3.4) (layer F.SilkS) (width 0.8))
    (fp_line (start 4.17 -5.1) (end 4.17 -2.86) (layer F.SilkS) (width 3))
    (fp_line (start -4.3 -3.3) (end -2.9 -3.3) (layer F.SilkS) (width 0.5))
    (fp_line (start -3.9 -6) (end -3.9 -3.5) (layer F.SilkS) (width 1))
    (fp_line (start -2.6 -4.8) (end 4.1 -4.8) (layer F.SilkS) (width 3.5))
    (fp_line (start -4.6 -3) (end -4.6 -4) (layer F.SilkS) (width 0.15))
    (fp_line (start -4.6 -4) (end -4.4 -4) (layer F.SilkS) (width 0.15))
    (fp_line (start -4.38 -4) (end -4.38 -6.25) (layer F.SilkS) (width 0.15))
    (fp_line (start -4.4 -6.25) (end -4.6 -6.25) (layer F.SilkS) (width 0.15))
    (fp_line (start 5.9 -3.7) (end 5.7 -3.7) (layer F.SilkS) (width 0.15))
    (fp_line (start 5.67 -3.7) (end 5.67 -1.46) (layer F.SilkS) (width 0.15))
    (fp_line (start 5.7 -1.46) (end 5.9 -1.46) (layer F.SilkS) (width 0.15))
    (fp_line (start 5.9 -1.1) (end 5.9 -1.46) (layer F.SilkS) (width 0.15))
    (fp_line (start 5.9 -4.7) (end 5.9 -3.7) (layer F.SilkS) (width 0.15))
    (fp_line (start 5.9 -1.1) (end 2.62 -1.1) (layer F.SilkS) (width 0.15))
    (fp_line (start 0.4 -3) (end -4.6 -3) (layer F.SilkS) (width 0.15))
    (fp_line (start -4.6 -6.6) (end 3.8 -6.600001) (layer F.SilkS) (width 0.15))
    (fp_arc (start 0.465 -0.83) (end 0.4 -3) (angle 84) (layer F.SilkS) (width 0.15))
    (fp_arc (start 3.9 -4.6) (end 3.8 -6.600001) (angle 90) (layer F.SilkS) (width 0.15))
    (fp_line (start -4.6 -6.25) (end -4.6 -6.6) (layer F.SilkS) (width 0.15))
    (fp_arc (start 0.865 -1.23) (end 0.8 -3.4) (angle 84) (layer F.SilkS) (width 1))
    (fp_line (start 5.7 -1.3) (end 3 -1.3) (layer F.SilkS) (width 0.5))
    (fp_line (start -4.4 -6.4) (end -3 -6.4) (layer F.SilkS) (width 0.4))
    (fp_line (start -4.4 -3.9) (end -4.4 -3.2) (layer F.SilkS) (width 0.4))
    (fp_line (start -9 -9) (end 9 -9) (layer Eco2.User) (width 0.15))
    (fp_line (start 9 -9) (end 9 9) (layer Eco2.User) (width 0.15))
    (fp_line (start 9 9) (end -9 9) (layer Eco2.User) (width 0.15))
    (fp_line (start -9 9) (end -9 -9) (layer Eco2.User) (width 0.15))
    (fp_line (start -7 -7) (end 7 -7) (layer Eco2.User) (width 0.15))
    (fp_line (start 7 -7) (end 7 7) (layer Eco2.User) (width 0.15))
    (fp_line (start 7 7) (end -7 7) (layer Eco2.User) (width 0.15))
    (fp_line (start -7 7) (end -7 -7) (layer Eco2.User) (width 0.15))
    (fp_line (start 7 -7) (end -7 -7) (layer F.Fab) (width 0.15))
    (fp_line (start -7 -7) (end -7 7) (layer F.Fab) (width 0.15))
    (fp_line (start -7 7) (end 7 7) (layer F.Fab) (width 0.15))
    (fp_line (start 7 7) (end 7 -7) (layer F.Fab) (width 0.15))
    (pad 1 smd rect (at -7 -2.58) (size 2.3 2) (layers B.Cu B.Paste B.Mask)
      (net 46 col2))
    (pad 1 smd rect (at 7 -2.58) (size 2.3 2) (layers F.Cu F.Paste F.Mask)
      (net 46 col2))
    (pad 2 smd rect (at -5.7 -5.12) (size 2.3 2) (layers F.Cu F.Paste F.Mask)
      (net 11 "Net-(D10-Pad2)"))
    (pad "" np_thru_hole circle (at -3.81 -2.54) (size 3 3) (drill 3) (layers *.Cu *.Mask))
    (pad "" np_thru_hole circle (at -2.54 -5.08) (size 3 3) (drill 3) (layers *.Cu *.Mask))
    (pad "" np_thru_hole circle (at 3.81 -2.540001) (size 3 3) (drill 3) (layers *.Cu *.Mask))
    (pad "" np_thru_hole circle (at 2.54 -5.08) (size 3 3) (drill 3) (layers *.Cu *.Mask))
    (pad "" np_thru_hole circle (at 0 0 270) (size 4 4) (drill 4) (layers *.Cu *.Mask F.SilkS))
    (pad "" np_thru_hole circle (at 5.08 0 180) (size 1.8 1.8) (drill 1.8) (layers *.Cu *.Mask F.SilkS))
    (pad "" np_thru_hole circle (at -5.08 0 180) (size 1.8 1.8) (drill 1.8) (layers *.Cu *.Mask F.SilkS))
    (pad 2 smd rect (at 5.7 -5.12) (size 2.3 2) (layers B.Cu B.Paste B.Mask)
      (net 11 "Net-(D10-Pad2)"))
  )

  (module kbd:D3_TH_SMD (layer F.Cu) (tedit 5B7FD767) (tstamp 5BE06479)
    (at 88.1 97.245)
    (descr "Resitance 3 pas")
    (tags R)
    (path /5BE02FC3)
    (autoplace_cost180 10)
    (fp_text reference D12 (at 0.55 0) (layer F.Fab) hide
      (effects (font (size 0.5 0.5) (thickness 0.125)))
    )
    (fp_text value D (at -0.55 0) (layer F.Fab) hide
      (effects (font (size 0.5 0.5) (thickness 0.125)))
    )
    (fp_line (start 2.7 0.75) (end 2.7 -0.75) (layer B.SilkS) (width 0.15))
    (fp_line (start -2.7 0.75) (end 2.7 0.75) (layer B.SilkS) (width 0.15))
    (fp_line (start -2.7 -0.75) (end -2.7 0.75) (layer B.SilkS) (width 0.15))
    (fp_line (start 2.7 -0.75) (end -2.7 -0.75) (layer B.SilkS) (width 0.15))
    (fp_line (start 2.7 0.75) (end 2.7 -0.75) (layer F.SilkS) (width 0.15))
    (fp_line (start -2.7 0.75) (end 2.7 0.75) (layer F.SilkS) (width 0.15))
    (fp_line (start -2.7 -0.75) (end -2.7 0.75) (layer F.SilkS) (width 0.15))
    (fp_line (start 2.7 -0.75) (end -2.7 -0.75) (layer F.SilkS) (width 0.15))
    (fp_line (start -0.5 -0.5) (end -0.5 0.5) (layer F.SilkS) (width 0.15))
    (fp_line (start 0.5 0.5) (end -0.4 0) (layer F.SilkS) (width 0.15))
    (fp_line (start 0.5 -0.5) (end 0.5 0.5) (layer F.SilkS) (width 0.15))
    (fp_line (start -0.4 0) (end 0.5 -0.5) (layer F.SilkS) (width 0.15))
    (fp_line (start -0.5 -0.5) (end -0.5 0.5) (layer B.SilkS) (width 0.15))
    (fp_line (start 0.5 0.5) (end -0.4 0) (layer B.SilkS) (width 0.15))
    (fp_line (start 0.5 -0.5) (end 0.5 0.5) (layer B.SilkS) (width 0.15))
    (fp_line (start -0.4 0) (end 0.5 -0.5) (layer B.SilkS) (width 0.15))
    (pad 2 smd rect (at 1.775 0) (size 1.3 0.95) (layers F.Cu F.Paste F.Mask)
      (net 13 "Net-(D12-Pad2)"))
    (pad 2 thru_hole circle (at 3.81 0) (size 1.397 1.397) (drill 0.8128) (layers *.Cu *.Mask F.SilkS)
      (net 13 "Net-(D12-Pad2)"))
    (pad 1 thru_hole rect (at -3.81 0) (size 1.397 1.397) (drill 0.8128) (layers *.Cu *.Mask F.SilkS)
      (net 2 row3))
    (pad 1 smd rect (at -1.775 0) (size 1.3 0.95) (layers B.Cu B.Paste B.Mask)
      (net 2 row3))
    (pad 2 smd rect (at 1.775 0) (size 1.3 0.95) (layers B.Cu B.Paste B.Mask)
      (net 13 "Net-(D12-Pad2)"))
    (pad 1 smd rect (at -1.775 0) (size 1.3 0.95) (layers F.Cu F.Paste F.Mask)
      (net 2 row3))
    (model Diodes_SMD.3dshapes/SMB_Handsoldering.wrl
      (at (xyz 0 0 0))
      (scale (xyz 0.22 0.15 0.15))
      (rotate (xyz 0 0 180))
    )
  )

  (module kbd:CherryMX_Hotswap (layer F.Cu) (tedit 5B8833C8) (tstamp 5BE31755)
    (at 50 69.05 180)
    (path /5BC302D5)
    (fp_text reference SW3 (at 7.1 8.2 180) (layer F.SilkS) hide
      (effects (font (size 1 1) (thickness 0.15)))
    )
    (fp_text value SW_PUSH (at -5.3 -8.1 180) (layer F.Fab) hide
      (effects (font (size 1 1) (thickness 0.15)))
    )
    (fp_line (start 4.4 -3.9) (end 4.4 -3.2) (layer B.SilkS) (width 0.4))
    (fp_line (start 4.4 -6.4) (end 3 -6.4) (layer B.SilkS) (width 0.4))
    (fp_line (start -5.7 -1.3) (end -3 -1.3) (layer B.SilkS) (width 0.5))
    (fp_arc (start -0.865 -1.23) (end -0.8 -3.4) (angle -84) (layer B.SilkS) (width 1))
    (fp_line (start 4.6 -6.25) (end 4.6 -6.6) (layer B.SilkS) (width 0.15))
    (fp_arc (start -3.9 -4.6) (end -3.800001 -6.6) (angle -90) (layer B.SilkS) (width 0.15))
    (fp_arc (start -0.465 -0.83) (end -0.4 -3) (angle -84) (layer B.SilkS) (width 0.15))
    (fp_line (start 4.6 -6.6) (end -3.800001 -6.6) (layer B.SilkS) (width 0.15))
    (fp_line (start -0.4 -3) (end 4.6 -3) (layer B.SilkS) (width 0.15))
    (fp_line (start -5.9 -1.1) (end -2.62 -1.1) (layer B.SilkS) (width 0.15))
    (fp_line (start -5.9 -4.7) (end -5.9 -3.7) (layer B.SilkS) (width 0.15))
    (fp_line (start -5.9 -1.1) (end -5.9 -1.46) (layer B.SilkS) (width 0.15))
    (fp_line (start -5.7 -1.46) (end -5.9 -1.46) (layer B.SilkS) (width 0.15))
    (fp_line (start -5.67 -3.7) (end -5.67 -1.46) (layer B.SilkS) (width 0.15))
    (fp_line (start -5.9 -3.7) (end -5.7 -3.7) (layer B.SilkS) (width 0.15))
